233,4
233,3
233,2
233,1
233,0
232,3
232,2
232,1
232,0
231,5
231,4
231,3
231,2
231,1
231,0
0,562
230,4
230,3
230,2
230,1
230,0
229,8
229,7
229,6
229,5
229,4
229,3
229,2
229,1
229,0
228,4
228,3
228,2
228,1
228,0
227,5
227,4
227,3
227,2
227,1
227,0
217,7
223,14
81,4
0,561
226,7
226,6
226,5
226,4
226,3
226,2
226,1
226,0
0,560
225,4
225,3
225,2
225,1
225,0
0,559
224,4
224,3
224,2
224,1
224,0
223,13
223,12
223,11
223,10
223,9
223,8
223,7
223,6
223,5
223,4
223,3
223,2
223,1
223,0
138,6
176,8
222,4
222,3
222,2
222,1
222,0
221,5
221,4
221,3
221,2
221,1
221,0
220,3
220,2
220,1
220,0
0,558
0,557
219,5
219,4
219,3
219,2
219,1
219,0
0,556
0,555
218,4
218,3
218,2
218,1
218,0
0,554
0,553
217,6
217,5
217,4
217,3
217,2
217,1
217,0
0,552
0,551
14,14
216,5
216,4
216,3
216,2
216,1
216,0
0,550
215,5
215,4
215,3
215,2
215,1
215,0
14,13
214,8
214,7
214,6
214,5
214,4
214,3
214,2
214,1
214,0
213,3
213,2
213,1
213,0
212,3
212,2
212,1
212,0
211,3
211,2
211,1
211,0
210,3
210,2
210,1
210,0
209,4
209,3
209,2
209,1
209,0
208,4
208,3
208,2
208,1
208,0
206,5
206,4
0,549
207,7
207,6
207,5
207,4
207,3
207,2
207,1
207,0
206,3
206,2
206,1
206,0
205,5
205,4
205,3
205,2
205,1
205,0
204,5
204,4
204,3
204,2
204,1
204,0
203,4
203,3
203,2
203,1
203,0
202,5
202,4
202,3
202,2
202,1
202,0
201,3
201,2
201,1
201,0
0,548
200,7
200,6
200,5
200,4
200,3
200,2
0,547
200,1
200,0
14,12
199,8
199,7
199,6
199,5
199,4
199,3
199,2
199,1
199,0
0,546
198,4
198,3
198,2
198,1
198,0
197,4
197,3
197,2
197,1
197,0
196,4
196,3
196,2
196,1
196,0
195,4
195,3
195,2
195,1
195,0
194,4
194,3
194,2
194,1
194,0
193,7
193,6
193,5
193,4
193,3
193,2
193,1
193,0
192,5
192,4
192,3
192,2
192,1
192,0
191,3
191,2
191,1
191,0
190,3
190,2
190,1
190,0
0,545
189,5
189,4
189,3
189,2
189,1
189,0
0,544
188,5
188,4
188,3
188,2
188,1
188,0
187,3
187,2
187,1
187,0
186,3
186,2
186,1
186,0
185,13
185,12
185,11
185,10
185,9
185,8
185,7
185,6
185,5
185,4
185,3
185,2
185,1
185,0
184,3
184,2
184,1
184,0
183,3
183,2
183,1
183,0
0,543
182,5
182,4
182,3
182,2
182,1
182,0
46,5
181,6
181,5
181,4
181,3
181,2
181,1
181,0
180,5
180,4
180,3
180,2
180,1
180,0
179,5
179,4
179,3
179,2
179,1
179,0
178,7
178,6
178,5
178,4
178,3
178,2
178,1
178,0
177,5
177,4
177,3
177,2
177,1
177,0
176,7
176,6
176,5
176,4
176,3
176,2
176,1
176,0
175,7
175,6
175,5
175,4
175,3
175,2
175,1
175,0
174,7
174,6
174,5
174,4
174,3
174,2
174,1
174,0
0,542
173,4
173,3
173,2
173,1
173,0
172,3
172,2
172,1
172,0
171,4
171,3
171,2
171,1
171,0
170,6
170,5
170,4
170,3
170,2
170,1
170,0
0,541
169,5
169,4
